38 17 35 96 55 66 61 69 5 53 

58 57 83 26 85 83 69 50 27 56 10 69 74 28 81 47 3 73 88 84 

57 50 17 32 94 13 84 57 38 64 8 90 9 44 53 92 94 30 7 47 70 89 57 91 37 69 68 71 19 2 

89 2 69 12 8 16 95 14 19 23 77 20 18 7 33 25 12 6 40 92 42 72 30 87 70 59 43 73 47 30 35 21 63 31 90 52 97 9 5 13 

40 19 68 95 47 22 92 35 15 0 82 76 74 18 56 27 33 4 52 58 96 43 43 40 21 32 32 86 98 86 85 89 39 88 4 63 39 28 6 70 62 30 89 3 67 49 88 83 82 15 

27 16 61 8 26 9 55 17 18 39 61 97 18 79 28 27 24 40 39 17 20 91 5 64 4 67 21 61 21 26 2 64 44 53 17 47 57 95 9 17 76 14 65 56 49 17 64 20 2 53 89 84 69 80 76 62 76 82 65 58 

75 52 91 43 17 51 40 29 67 35 71 18 11 59 58 84 41 98 21 66 58 6 30 67 47 88 59 35 96 0 61 75 64 54 66 31 31 73 38 22 77 56 17 90 67 34 84 37 51 10 56 91 17 15 39 96 35 88 50 48 61 87 70 89 85 51 56 62 85 24 

19 94 30 14 67 26 27 12 87 74 27 74 42 33 43 13 86 48 76 18 97 53 74 21 21 76 1 91 43 86 13 87 19 88 99 61 29 70 84 8 43 25 72 65 97 25 43 3 77 31 63 45 96 54 84 90 4 52 26 87 21 76 23 94 46 81 40 10 87 18 69 51 28 56 47 59 95 79 30 37 

50 57 23 93 92 7 75 92 13 65 0 74 68 56 36 81 36 54 72 0 78 89 91 12 50 68 71 25 18 31 59 12 43 41 66 87 43 23 74 9 3 70 88 52 46 69 40 5 25 56 36 35 20 53 62 43 49 33 89 58 36 68 23 67 23 69 60 74 94 67 82 29 30 25 78 50 61 17 2 25 13 42 95 12 15 0 37 36 29 59 

64 18 31 32 93 90 57 95 66 98 38 55 74 18 17 20 81 55 7 14 58 85 4 67 74 54 9 7 76 68 63 25 89 58 5 49 10 77 47 12 4 0 45 23 31 90 50 88 34 19 23 33 58 70 63 58 16 17 4 70 16 90 53 12 12 25 5 68 90 37 24 11 13 47 73 95 9 4 84 92 96 19 65 62 20 79 52 44 26 50 78 72 33 30 36 5 4 95 27 89 

