18 16 0 9 21 13 28 11 8 37 
Sorted:
0 8 9 11 13 16 18 21 28 37 

37 12 28 33 29 35 24 0 34 18 8 20 13 33 36 36 10 16 36 17 
Sorted:
0 8 10 12 13 16 17 18 20 24 28 29 33 33 34 35 36 36 36 37 

18 13 10 37 5 2 32 24 12 27 12 21 15 23 10 37 34 21 9 19 13 33 32 24 3 7 10 39 3 22 
Sorted:
2 3 3 5 7 9 10 10 10 12 12 13 13 15 18 19 21 21 22 23 24 24 27 32 32 33 34 37 37 39 

15 35 6 33 38 23 8 18 23 39 35 8 38 14 8 19 37 23 7 37 1 0 1 11 32 35 20 36 25 38 7 25 37 14 31 14 4 8 33 16 
Sorted:
0 1 1 4 6 7 7 8 8 8 8 11 14 14 14 15 16 18 19 20 23 23 23 25 25 31 32 33 33 35 35 35 36 37 37 37 38 38 38 39 

35 33 0 8 13 38 34 15 39 14 22 2 24 30 8 8 25 13 32 25 33 10 16 1 21 2 37 21 22 39 24 21 3 21 13 27 1 15 35 4 23 25 37 20 23 31 1 23 10 22 
Sorted:
0 1 1 1 2 2 3 4 8 8 8 10 10 13 13 13 14 15 15 16 20 21 21 21 21 22 22 22 23 23 23 24 24 25 25 25 27 30 31 32 33 33 34 35 35 37 37 38 39 39 

39 21 35 17 36 29 39 16 0 37 35 11 12 17 31 13 16 34 10 31 28 1 6 26 21 29 29 10 11 24 11 15 25 17 6 13 28 13 28 30 23 23 20 14 22 11 32 0 18 13 25 32 5 7 3 32 22 18 10 22 
Sorted:
0 0 1 3 5 6 6 7 10 10 10 11 11 11 11 12 13 13 13 13 14 15 16 16 17 17 17 18 18 20 21 21 22 22 22 23 23 24 25 25 26 28 28 28 29 29 29 30 31 31 32 32 32 34 35 35 36 37 39 39 

23 5 5 38 29 28 2 12 32 19 11 37 35 11 0 39 30 35 5 38 3 19 21 8 5 13 30 19 8 14 7 37 29 20 7 28 20 23 8 24 39 12 12 30 21 16 39 6 28 10 14 7 18 29 30 25 22 20 23 3 26 15 2 14 28 5 10 26 6 18 
Sorted:
0 2 2 3 3 5 5 5 5 5 6 6 7 7 7 8 8 8 10 10 11 11 12 12 12 13 14 14 14 15 16 18 18 19 19 19 20 20 20 21 21 22 23 23 23 24 25 26 26 28 28 28 28 29 29 29 30 30 30 30 32 35 35 37 37 38 38 39 39 39 

31 24 11 35 24 7 34 31 2 11 0 32 27 27 9 34 28 10 22 28 7 32 6 13 38 17 30 9 28 30 19 28 31 19 26 5 22 26 5 23 15 6 33 28 29 26 22 27 8 2 22 4 5 18 18 9 16 6 25 39 39 2 35 37 25 27 29 21 14 14 29 9 17 31 24 7 27 20 34 31 
Sorted:
0 2 2 2 4 5 5 5 6 6 6 7 7 7 8 9 9 9 9 10 11 11 13 14 14 15 16 17 17 18 18 19 19 20 21 22 22 22 22 23 24 24 24 25 25 26 26 26 27 27 27 27 27 28 28 28 28 28 29 29 29 30 30 31 31 31 31 31 32 32 33 34 34 34 35 35 37 38 39 39 

2 27 38 5 2 33 31 11 26 29 14 32 10 5 13 22 28 15 12 1 33 34 1 12 37 30 13 0 22 1 13 15 24 28 6 38 37 21 5 34 11 39 29 20 6 7 34 31 8 39 22 17 14 0 2 1 5 35 32 8 20 18 14 11 4 37 38 8 38 15 19 30 27 18 38 10 2 39 2 0 37 35 29 30 21 39 0 7 32 39 
Sorted:
0 0 0 0 1 1 1 1 2 2 2 2 2 4 5 5 5 5 6 6 7 7 8 8 8 10 10 11 11 11 12 12 13 13 13 14 14 14 15 15 15 17 18 18 19 20 20 21 21 22 22 22 24 26 27 27 28 28 29 29 29 30 30 30 31 31 32 32 32 33 33 34 34 34 35 35 37 37 37 37 38 38 38 38 38 39 39 39 39 39 

25 39 23 5 39 26 29 30 5 2 13 21 27 33 35 31 25 3 14 15 21 7 4 3 39 0 39 7 19 15 30 32 7 20 39 11 14 37 20 39 20 21 35 9 3 16 26 14 29 14 27 22 19 23 12 7 29 22 26 24 3 17 24 7 36 8 10 37 28 3 7 16 27 1 15 17 36 38 17 16 35 20 39 12 19 38 6 31 31 17 33 18 15 4 5 5 22 26 18 17 
Sorted:
0 1 2 3 3 3 3 3 4 4 5 5 5 5 6 7 7 7 7 7 7 8 9 10 11 12 12 13 14 14 14 14 15 15 15 15 16 16 16 17 17 17 17 17 18 18 19 19 19 20 20 20 20 21 21 21 22 22 22 23 23 24 24 25 25 26 26 26 26 27 27 27 28 29 29 29 30 30 31 31 31 32 33 33 35 35 35 36 36 37 37 38 38 39 39 39 39 39 39 39 

